200     3      14
1       0.3    0.01
1       3      1       8       2       4       A      1
2       0      2       15      5       4       A      3
3  	3      2       7       2       3       B      2
4  	2      4       20      10      4       D      4
5  	0      4       10      2       5       C      2
6  	2      6       25      8       6       A      3
7  	3      6       6       9       2       D      1
8  	1      7       10      4       3       C      1
9  	1      7       25      5       6       A      2 
10 	0      7       20      3       5       B      3 
11 	1      8       10      6       3       D      4
12 	2      9       20      7       5       C      4
13 	2      11      20      9       3       A      2
14 	0      20      10       4       4       B      3
-1