250     4      50
1       0.03   0.01
1       3      0       8       3       4       D      1
2       2      0       15      3       3       C      1
3       3      0       8       3       5       D      1
4       2      1       15      4       1       C      1 
5       0      1       10      5       1       D      2
6       3      1       6       4       2       A      1
7       0      1       25      2       5       A      1
8       4      1       20      1       3       B      1
9       0      2       10      2       3       C      2
10      3      2       7       2       4       D      1
11      4      2       20      4       4       B      2
12      2      2       15      4       5       B      3
13      3      3       6       2       2       D      1
14      2      3       10      4       5       C      3
15      0      4       12      4       2       A      1
16      4      4       15      2       5       C      1
17      3      5       5       6       4       A      1
18      1      5       16      6       5       D      2
19      4      5       15      2       3       C      2
20      3      6       7       5       5       B      1
21      2      6       15      3       4       A      2 
22      1      6       10      1       4       C      1 
23      4      6       20      3       1       B      3
24      3      6       5       3       1       A      1
25      2      6       10      1       1       D      1
26      4      7       25      5       2       C      3
27      0      7       25      5       2       A      2
28      0      7       20      6       5       B      2
29      2      7       15      4       3       D      2
30      1      8       20      4       3       A      3
31      0      8       10      4       1       A      1
32      3      8       8       3       1       B      1
33      1      8       25      5       5       B      2 
34      2      9       20      5       3       C      3 
35      0      9       15      3       5       B      3
36      1      10      13      2       4       A      4
37      3      11      6       4       3       D      1
38      1      11      27      5       1       C      2
39      2      11      30      6       5       B      2
40      4      12      15      1       5       D      2
41      0      12      10      2       1       A      4 
42      2      12      10      4       2       C      2
43      3      12      7       4       4       D      1
44      1      13      28      5       3       B      3
45      1      13      20      5       5       D      3
46      4      13      10      5       4       C      3
47      2      13      10      6       5       B      2
48      3      14      8       6       5       D      1 
49      2      14      20      7       3       C      3
50      1      14      15      7       2       A      2
51      0      14      25      6       4       B      3
52      2      15      30      4       3       B      1
53      3      15      5       3       3       C      1
54      4      15      15      5       4       C      4
55      2      15      20      2       1       C      4 
56      2      16      30      6       3       C      2 
57      1      17      14      2       4       A      3
58      3      20      4       5       4       D      1
59      0      27      22      3       4       D      3
60      4      27      15      3       4       A      2 
-1 