34   5   8   30   38
37   8   14   30   44
37   14   40   17   57
38   11   16   30   46
42   3   4   40   44
54   10   14   47   61
61   2   4   59   63
68   1   2   67   69
73   13   22   62   84
78   6   12   72   84
79   7   12   73   85
86   9   76   17   93
98   4   8   94   102
99   12   18   90   108

-------------------------------------------------------
T1_148.651   T2_2.09909   T3_42.6107   T4_99.3352   
-------------------------------------------------------
R1_10   R2_18   R3_28   R4_30   
-------------------------------------------------------
Game is WIN
Total number of enemies = 14
 Average Fight Delay = 17.8571
 Average Kill Delay = 52
