13   8   2   12   14
14   11   4   12   16
16   15   8   12   20
22   12   4   20   24
24   7   2   23   25
25   25   12   19   31
26   5   2   25   27
26   21   12   20   32
27   29   14   20   34
28   3   0   28   28
28   1   0   28   28
28   6   2   27   29
29   47   26   16   42
31   34   18   22   40
31   18   34   2   36
31   30   37   2   39
32   14   6   29   35
32   23   36   2   38
33   27   34   6   40
33   40   44   1   45
34   28   40   1   41
35   49   28   21   49
36   42   24   24   48
39   39   22   28   50
40   55   30   25   55
41   10   4   39   43
42   56   32   26   58
43   9   4   41   45
43   13   31   15   46
43   45   55   1   56
44   4   2   43   45
45   19   50   0   50
46   2   0   46   46
46   16   48   2   50

-------------------------------------------------------
T1_250   T2_250   T3_250   T4_250   
-------------------------------------------------------
R1_2   R2_2   R3_2   R4_2   
-------------------------------------------------------
Game is LOSS
Total number of Killed enemies = 34
Number of alive enemies = 26
 Average Fight Delay = 19.6176
 Average Kill Delay = 18.7647
